0 1
0 2
0 3
0 5
0 8
0 13
1 2
1 3
1 5
1 8
1 12
1 17
2 1
2 3
2 6 
2 0
2 18
2 0
3 4
3 5
3 7
3 9
3 15
3 4
3 0
4 2
4 6
4 8
4 13
4 16
5 1
5 3
5 8
5 10
5 11
6 2
6 15
6 16
6 17
6 3
7 4
7 8
7 13
7 17
7 18
7 0
8 1
8 2
8 4
8 5
8 9
8 10
9 1
9 5 
9 6
9 7
9 11
9 12
9 16
10 2
10 5
10 17
10 18
10 0
11 10
11 12
11 14
11 16
11 17
11 10
12 1
12 2
12 3
12 6
12 8
12 9
12 14
13 3
13 4
13 5
13 8
13 14
13 0
14 4
14 5
14 7
14 8
14 9
14 15
14 18
15 3
15 6
15 9
16 2
16 5
16 8
16 15
16 3
17 1
17 4
17 5
17 6
17 8
17 9
17 10
17 11
17 12
17 14
18 6
18 11
18 12
18 13
18 16
18 3
18 0
19 3
19 4
19 6
19 11
19 12
19 14
19 15
19 0